//E.1.txt
1 1 1 1 1
1 1 1 1 1
1 1 1 1 1
0 1 1 1 0
0 0 1 0 0
:
Rows:          Colums:
5              3
5              4
5              5
3              4
1              3
:
19

//E.2.txt
0 1 1 1 0
1 1 1 1 0
1 1 1 1 0
0 1 1 1 1
1 1 1 1 1
:
Rows:          Colums:
3              2 1
4              5
4              5
4              5
5              2
:
20

//E.3.txt
1 1 1 1 1
1 1 0 1 1
0 1 1 1 0
0 0 1 0 0
1 1 1 1 1
:
Rows:          Colums:
5              2 1
2 2            3 1
3              1 3
1              3 1
5              2 1
:
18

//N.1.txt
1 0 1 0 0 0 0 1 0 1
1 1 1 1 1 1 1 1 1 1
1 1 1 1 1 1 1 1 1 1
0 0 1 0 1 1 0 1 0 0
1 1 1 1 1 1 1 1 1 1
0 0 1 0 0 0 0 1 0 0
0 0 1 0 0 0 0 1 0 0
0 0 1 0 0 0 0 1 0 0
0 0 1 0 0 0 0 1 0 0
1 1 1 1 1 1 1 1 1 1
:
Rows:          Colums:
1 1 1 1        3 1 1
10             2 1 1
10             10
1 2 1          2 1 1
10             4 1
1 1            4 1
1 1            2 1 1
1 1            10
1 1            2 1 1
10             3 1 1
:
56

//N.2.txt
1 1 1 0 0 0 0 1 1 1
1 0 1 1 1 1 1 1 0 1
1 0 0 0 1 1 0 0 0 1
1 0 0 1 0 0 1 0 0 1
1 1 0 0 0 0 0 0 0 0
1 0 0 0 1 1 0 0 0 0
1 0 0 0 0 0 0 0 0 0
1 1 0 1 1 1 1 0 1 1
1 1 0 1 0 0 1 0 1 1
1 1 0 0 1 1 0 0 1 1
:
Rows:          Colums:
3 3            10
1 6 1          1 1 3
1 2 1          2
1 1 1 1        1 1 2
2              2 1 1 1
1 2            2 1 1 1
1              1 1 2
2 4 2          2
2 1 1 2        1 3
2 2 2          4 3
:
48

//N.3.txt
0 0 0 0 0 0 1 0 0 0
0 0 0 0 0 1 0 0 0 0
0 0 0 0 0 1 1 0 0 0
0 0 0 0 1 1 1 0 0 0
0 0 0 1 1 1 0 0 0 0
0 0 0 1 1 0 1 1 0 0
0 0 1 1 0 0 1 1 0 0
0 0 1 1 0 0 1 1 0 0
0 0 0 1 0 0 1 0 0 0
1 1 1 0 1 1 0 1 1 1
:
Rows:          Colums:
1              1
1              1
2              2 1
3              5
3              3 1
2 2            4 1
2 2            1 2 4
2 2            3 1
1 1            1
3 2 3          1
:
32

//I.1.txt
0 0 0 0 0 0 1 0 0 0 0 0
0 0 0 0 0 0 1 0 0 0 0 0
0 0 0 0 0 1 1 1 0 0 0 0
0 0 0 0 1 1 1 1 1 0 0 0
0 0 0 0 0 1 0 1 0 0 0 0
0 0 0 0 0 1 1 1 0 0 0 0
0 1 1 0 0 1 0 1 1 1 1 1
1 1 1 1 0 1 1 1 1 0 0 1
1 1 1 1 1 1 1 1 1 1 1 1
1 1 0 1 1 1 0 1 0 0 1 1
1 1 1 1 0 1 0 1 1 1 1 1
1 1 1 1 1 1 1 1 1 1 1 1
:
Rows:          Colums:
1              5
1              6
3              3 2
5              5
1 1            1 2 1
3              10
2 1 5          4 1 2 1
4 4 1          10
12             1 3 2
2 3 1 2        1 1 2
4 1 5          1 4
12             6
:
74

//I.2.txt
0 0 0 0 0 1 1 0 0 0 0 0
0 0 0 0 0 1 1 0 0 0 0 0
1 1 0 0 1 1 1 1 0 0 1 1
1 1 1 0 1 1 1 1 0 1 1 1
0 1 1 1 1 1 1 1 1 1 1 0
0 1 1 1 1 1 1 1 1 1 1 0
0 0 1 1 1 1 1 1 1 1 0 0
0 0 0 1 1 1 1 1 1 0 0 0
0 0 1 1 1 1 1 1 1 1 0 0
0 0 0 0 0 1 1 0 0 0 0 0
0 0 0 0 0 1 1 0 0 0 0 0
0 0 0 0 0 1 1 0 0 0 0 0
:
Rows:          Colums:
2              2
2              4
2 4 2          4 1
3 4 3          5
10             7
10             12
8              12
6              7
8              5
2              4 1
2              4
2              2
:
70

//I.3.txt
0 0 0 0 0 1 1 0 0 0 0 0
0 0 0 0 0 1 1 0 0 0 0 0
1 0 0 0 1 1 1 1 0 0 0 1
1 1 0 1 1 1 1 1 1 0 1 1
0 1 1 1 1 1 1 1 1 1 1 0
0 1 1 1 1 1 1 1 1 1 1 0
0 0 1 1 1 1 1 1 1 1 0 0
0 0 0 1 1 1 1 1 1 0 0 0
0 0 0 1 1 1 1 1 1 0 0 0
0 0 0 1 1 1 1 1 1 0 0 0
0 0 1 1 1 1 1 1 1 1 0 0
1 1 1 1 1 1 1 1 1 1 1 1
:
Rows:          Colums:
2              2 1
2              3 1
1 4 1          3 2
2 6 2          9
10             10
10             12
8              12
6              10
6              9
6              3 2
8              3 1
12             2 1
:
86

//H.1.txt
0 1 1 1 1 0 0 1 1 1 0 0 0 0 0
1 1 1 1 1 1 1 1 1 1 0 0 0 0 0
0 1 1 1 1 0 1 1 1 0 0 0 0 0 0
0 0 1 1 0 1 1 1 0 0 0 0 0 0 0
0 0 0 1 1 1 1 1 1 0 0 0 0 0 0
0 0 1 1 1 1 1 1 1 1 1 0 0 0 0
0 1 1 1 1 0 1 1 1 1 1 1 0 0 0
1 1 1 1 0 0 0 1 1 1 1 1 1 1 1
1 1 1 0 0 0 0 1 1 1 1 1 1 0 1
1 1 0 0 0 0 0 1 1 1 1 1 0 1 1
1 0 0 0 0 0 0 0 1 1 1 1 0 1 1
0 0 0 0 0 0 0 1 1 1 1 0 1 1 0
0 0 0 0 0 0 0 1 1 0 0 1 1 1 0
0 0 0 0 0 0 1 1 0 1 1 1 1 0 0
0 0 0 0 0 1 1 1 1 1 1 1 0 0 0
:
Rows:               Colums:
4 3                 1 4
10                  3 4
4 3                 4 4
2 3                 8
6                   3 3
9                   1 3 1
4 6                 6 2
4 8                 10 4
3 6 1               3 9 1
2 5 2               2 7 2
1 4 2               7 2
4 2                 5 3
2 3                 2 3
2 4                 1 4
7                   4
:
116

//H.2.txt
0 0 0 0 1 1 1 0 1 1 1 0 0 0 0
0 0 0 1 1 1 1 0 1 1 1 1 0 0 0
0 0 0 1 1 1 0 1 0 1 1 1 0 0 0
0 0 1 1 1 1 0 1 0 1 1 1 1 0 0
0 1 1 1 1 0 1 0 0 0 1 1 1 1 0
0 1 1 1 0 0 1 0 0 0 0 1 1 1 0
1 1 1 0 0 1 1 0 0 0 0 0 1 1 1
1 1 1 0 1 1 0 0 0 0 0 0 1 1 1
1 1 0 1 1 1 0 0 0 0 0 0 0 1 1
1 1 0 1 1 1 0 0 0 0 0 0 0 1 1
0 1 0 0 1 1 1 0 0 0 0 0 0 1 0
0 1 1 0 1 1 1 0 0 0 0 0 1 1 0
0 1 1 0 0 1 1 0 0 0 0 0 1 1 0
0 1 1 1 0 0 0 1 0 0 0 1 1 1 0
0 0 1 1 1 1 0 0 0 1 1 1 1 0 0
:
Rows:               Colums:
3 3                 4
4 4                 10
3 1 3               5 4
4 1 4               5 2 2
4 1 4               5 5 1
3 1 3               4 7 1
3 2 3               2 3 3
3 2 3               2 1
2 3 2               2
2 3 2               4 1
1 3 1               5 1
2 3 2               5 2
2 2 2               5 4
3 1 3               10
4 4                 4
:
109

//H.3.txt
0 0 0 0 1 1 1 1 1 0 0 1 1 0 0
0 0 0 1 1 0 0 0 1 1 1 1 1 1 0
0 1 1 0 0 1 1 1 0 0 1 1 1 1 0
1 1 1 1 0 1 0 1 0 1 0 1 1 1 1
1 1 0 0 1 0 1 0 1 1 1 1 1 1 1
1 1 0 0 1 0 1 1 0 1 1 0 1 1 1
0 1 0 0 0 1 1 1 1 0 0 1 1 1 1
0 1 1 0 1 1 0 0 0 1 1 0 1 1 1
1 1 1 1 1 1 1 1 0 0 1 1 1 1 1
1 1 1 0 0 0 1 1 1 1 1 1 1 1 1
1 1 1 0 0 0 0 0 0 0 0 1 1 1 1
1 1 1 1 0 0 0 0 0 0 1 1 1 1 1
0 1 1 1 1 1 1 1 1 1 1 1 1 1 1
0 0 1 1 1 1 1 1 0 0 0 1 1 1 0
0 0 0 1 1 1 1 1 1 1 1 0 0 0 0
:
Rows:               Colums:
5 2                 3 4
2 6                 11
2 3 4               2 7
4 1 1 1 4           1 1 1 4
2 1 1 7             2 2 2 3
2 1 2 2 3           1 2 3 3
1 4 4               1 1 3 2 3
2 2 2 3             1 2 2 2 3
8 5                 2 1 1 1 1 1
3 9                 1 3 1 1 1 1
3 4                 2 2 3 2 1
4 5                 5 1 6
14                  14
6 3                 13
8                   10
:
146

//M.1.txt
0 0 0 0 0 0 0 0 0 0 0 0 0 1 1 0 0 0
0 0 0 0 0 0 0 0 0 0 0 0 1 1 1 0 0 0
0 0 0 0 0 0 0 0 0 0 0 1 1 1 1 0 0 0
0 0 0 0 0 0 0 0 1 1 1 1 0 0 1 0 0 0
0 0 0 0 0 0 1 1 1 0 0 0 0 1 1 0 0 0
0 0 0 0 0 1 1 0 0 0 1 1 1 1 1 0 1 1
0 0 0 0 1 1 0 0 1 1 1 1 1 1 0 1 1 1
0 0 0 0 1 0 1 1 1 1 1 1 1 0 0 1 1 1
0 0 0 1 1 1 1 1 1 1 1 0 0 0 1 1 1 1
0 0 0 1 1 1 1 1 0 0 0 0 1 1 1 1 1 0
0 0 1 1 1 1 0 0 0 1 1 1 1 1 1 1 1 0
0 1 1 1 1 0 0 1 1 1 1 1 1 1 1 1 0 0
1 1 1 1 1 0 1 1 1 1 1 1 1 0 1 1 0 0
0 1 1 1 0 1 1 1 1 1 0 0 0 1 1 0 0 0
0 0 1 1 0 1 1 0 0 0 0 1 1 1 0 0 0 0
0 0 0 0 0 1 0 0 1 1 1 1 0 0 0 0 0 0
0 0 0 0 0 1 1 1 1 0 0 0 0 0 0 0 0 0
0 0 0 0 0 1 1 0 0 0 0 0 0 0 0 0 0 0
:
Rows:               Colums:
2                   1
3                   3
4                   5
4 1                 7
3 2                 7
2 5 2               2 3 5
2 6 3               2 3 3 2
1 7 3               1 3 3 1
8 4                 2 3 3 2
5 5                 1 3 4 1
4 8                 1 4 3 1
4 9                 2 3 3 2
5 7 2               2 3 4 1
3 5 2               3 3 3 2
2 2 3               6 6
1 4                 7
4                   6
2                   4
:
139

//M.2.txt
1 1 1 1 1 1 1 1 0 1 1 1 1 1 1 1 1 1
1 1 1 1 1 1 1 0 0 0 1 1 1 1 1 1 1 1
1 1 1 1 1 1 1 1 0 1 1 1 1 1 1 1 1 1
0 1 1 1 1 1 1 0 0 0 1 1 1 1 1 1 0 1
1 0 0 1 1 1 0 1 1 1 0 1 1 1 0 0 1 1
1 0 0 0 0 0 1 0 0 0 1 0 0 0 0 0 1 1
1 1 1 0 1 1 0 0 0 0 0 1 1 0 1 1 1 1
1 1 1 1 0 0 0 1 1 1 0 0 0 1 1 1 1 1
1 1 1 1 1 0 0 1 1 1 0 0 1 1 1 1 1 1
1 1 1 1 0 0 0 1 1 1 0 0 0 1 1 1 1 1
1 1 1 0 1 1 0 0 0 0 0 1 1 0 1 1 1 1
1 0 0 0 0 0 1 0 0 0 1 0 0 0 0 0 1 1
1 0 0 1 1 1 0 1 1 1 0 1 1 1 0 0 1 1
0 1 1 1 1 1 1 0 0 0 1 1 1 1 1 1 0 1
1 1 1 1 1 1 1 1 0 1 1 1 1 1 1 1 1 1
1 1 1 1 1 1 1 0 0 0 1 1 1 1 1 1 1 1
1 1 1 1 1 1 1 1 0 1 1 1 1 1 1 1 1 1
1 1 1 1 1 1 1 1 1 1 1 1 1 1 1 1 1 1
:
Rows:               Colums:
8 9                 3 9 4
7 8                 4 5 5
8 9                 4 5 5
6 6 1               5 3 6
1 3 3 3 2           5 1 1 1 6
1 1 1 2             5 1 1 6
3 2 2 4             4 1 1 5
4 3 5               1 1 1 3 1 1 2
5 3 6               1 3 1 1
4 3 5               1 1 1 3 1 1 2
3 2 2 4             4 1 1 5
1 1 1 2             5 1 1 6
1 3 3 3 2           5 1 1 1 6
6 6 1               5 3 6
8 9                 4 5 5
7 8                 4 5 5
8 9                 3 9 4
18                  18
:
236

//M.3.txt
0 0 0 0 0 0 1 1 1 0 0 0 0 0 0 0 0 0
0 0 0 0 0 1 1 1 0 0 0 0 0 0 0 0 0 0
0 0 0 0 1 1 1 1 0 0 0 0 0 0 0 0 0 0
0 0 0 1 1 1 1 0 0 0 0 0 0 0 0 0 0 0
0 0 1 1 0 1 1 0 0 0 0 0 0 0 0 0 0 0
0 1 1 0 0 1 0 0 0 0 0 0 0 0 0 0 0 0
0 1 0 0 1 1 1 1 0 0 0 0 0 0 0 0 0 0
1 1 1 1 1 1 1 1 1 1 0 0 0 0 0 0 0 0
1 0 1 1 0 0 1 1 1 1 1 1 1 0 0 0 0 0
0 0 1 0 0 0 0 1 1 1 1 1 1 1 0 0 0 0
1 1 1 0 0 0 0 1 1 0 0 1 1 1 0 0 0 0
1 1 0 0 0 0 1 1 1 1 0 0 1 0 0 0 0 0
0 1 0 0 0 0 1 0 1 1 0 0 1 0 0 0 0 0
0 1 0 0 0 1 1 1 1 1 1 0 1 1 0 0 0 0
0 1 0 0 0 1 0 0 0 1 1 0 1 1 1 0 0 0
0 1 0 0 1 1 1 1 1 1 1 1 0 1 1 1 0 0
0 1 0 0 1 0 0 0 0 1 1 1 0 1 1 1 1 1
1 1 1 1 1 1 1 1 1 1 1 1 1 1 1 1 1 1
:
Rows:               Colums:
3                   2 2 1
3                   3 8
4                   2 4 1
4                   2 2 1
2 2                 2 2 3
2 1                 7 3 1
1 4                 5 3 3 1 1
10                  3 6 1 1 1
1 2 7               1 7 1 1
1 7                 3 7
3 2 3               2 5
2 4 1               3 3
1 1 2 1             7 1
1 6 2               2 5
1 1 2 3             4
1 8 3               3
1 1 3 5             2
18                  2
:
130

//LastUsers.txt is empty
